    0.0
    86291825898.98363
    171787438638.55258
    256482083899.8171
    340371279680.61554
    423474557734.77765
    505799280949.3282
    587352743231.943
    668153713152.8855
    748197697457.2698
    827480460253.8124
    906031682392.9022
    983835879252.343
    1060911165827.7981
    1137275280090.0437
    1212923975512.9375
    1287853248801.9272
    1362091151004.5422
    1435633553831.0178
    1508486973082.1543
    1580647553388.1008
    1651531872372.521
    1720125469925.3325
    1787434109903.828
    1847181705211.446
    1904591218046.1816
    1946318914433.3318
    1970567114084.9524
    1972751998626.2612
    1947296404424.5315
    1894760798890.755
    1822281219966.7275
    1734384773733.9597
    1629718464573.7642
    1517688886431.3613
    1434830621850.5444
    1357353339504.7249
    1281042423757.768
    1214177147720.9302
    1167685130993.1206
    1134721195273.2952
    1113794375926.2185
    1115612417377.4192
    1127463796122.601
    1145447333153.561
    1168658814819.1921
    1202741416799.1807
    1241093244556.5256
    1282993834509.044
    1330482777998.6213
    1377782638480.9507
    1426460211166.429
    1476820837575.6257
    1527335979272.3955
    1578158115435.7927
    1627970093226.0483
    1677363482482.152
    1726257435887.7668
    1775927533015.3865
    1825923492188.6733
    1875443987780.7976
    1924507558631.335
    1973104532951.1367
    2021246225476.6177
    2068338738545.8386
    2114994210105.1926
    2160638002505.4695
    2205425365076.785
    2249875165956.2188
    2293975504565.804
    2338603749301.3486
    2381669861127.663
    2422880786661.8833
    2460640377635.8667
    2495302311197.2803
    2530980600571.393
    2561350283111.491
    2587868327846.6445
    2610701656475.009
    2615676338667.3955
    2613582162815.962
    2596776584215.6475
    2566305236286.3745
    2528441142715.8516
    2478481988808.212
    2425989556064.2886
    2365640770710.043
    2299673266573.283
    2231721520595.137
    2164010909672.7852
    2105918157353.6812
    2061821380792.4192
    2021693645804.854
    1999308814410.9204
    1987150830082.23
    1992702638976.142
    2006385859093.5583
    2011201657947.3516
    2020241384307.9436
    2031108592348.9224
    2042927417467.3186
    2059262044682.832
    2078097827482.155
    2099640897038.7869
    2120927562383.7124
    2145045082045.088
    2169338482024.3245
    2196505502337.4424
    2218848765083.201
    2248301677500.6577
    2275768145483.757
    2304741556957.8584
    2333941962022.6035
    2361721582190.2944
    2388024787518.045
    2415229866262.016
    2443889918483.931
    2472848418183.8516
